U1,0,8,14,18,37,45,46,47,58,60,62,70,73,75,76,77,84,88,96
U2,56
U3,33,94,99
U4,1,16,18,24,26,33,47,48,49,59,90,91,95
U5,15,16,23,44,51,56,67,68,99
U6,84
U7,2,4,13,22,26,58,73,83,84,89,94
U8,6,12,18,39,42,45,62,85,93
U9,27
U10,2,34,37,45,56,59,62,72,78,98,99
U11,6,27,30,55,56,57,58,66,69
U12,1,6,7,18,19,24,29,38,42,49,54,57,60,66,67,84,85,87,93,94
U13,13,20,31,36,43,55,59,88,93
U14,3,18,19,45,52,62,83,87
U15,45,83
U16,24,86
U17,16,33,35,51,64,95
U18,12,32,38,47,55,70,85,89,96
U19,35,38,42,54,59,67,82
U20,1,16,39,49,52,59,62,73,76,82,87
U21,5,19,37,43,49,50,61,77,81,93,95
U22,0,5,24,27,31,49,75,88
U23,9,85
U24,5,8,26,29,32,33,45,48,60,62,67,68,71,76,85,99
U25,13,25,33,56,70,87,90,91
U26,28,61,93
U27,0,7,37,45,47,51,53,59,69,70,87,91
U28,25,30,32,38,43,49,50,51,54,55,58,61,67,73,78,85,86,92,97
U29,2,12,37
U30,0,22,31,40,48,66,70,71,73,76,97
U31,0,13,24,25,31,78
U32,4,7,23,46,49,62
U33,1,8,10,12,16,18,27,28,32,36,38,60,71,74,76,82,93,99
U34,84
U35,0,5,9,25,56,72,75,97
U36,7,13,15,21,34,39,52,54,55,59,61,64,69,72,93,97
U37,2,6,29,34,35,41,43,56,66,67,76,78,87,91,92,94
U38,25,75,87
U39,43,46,48,66
U40,25,33,34,38,41,49,52,58,68,89,94,97
U41,15,17,18,29,37,45,55,58,60,70,74,76,78,81,82,85,86,93,98
U42,58,98
U43,17
U44,16,18,20,22,54,56,57,59,65,69,72
U45,20,27,39,45,50,58,78,81,84
U46,4,7,11,12,23,27,31,32,33,37,45,66,74,84,86,94,97,98
U47,8,15,32,35,56,66,86,92
U48,1,2,5,11,13,23,24,29,41,46,47,57,62,65,78,90
U49,9,63,92
U50,1,5,23,34,39,42,48,49,54,57,65,69,73,74,75,83,91,95
U51,58,60
U52,1,29,30,33,35,39,47,49,53,54,68,72,77,87,94,99
U53,8,18,21,25,30,34,38,46,56,63,67,74,84,88,93,96
U54,7,14,39,53,69,71
U55,12,20,23,25,44,50,52,55,56,63,66,75,83,85,86,88
U56,3,19,23,27,28,31,58,69,71,86,91
U57,19,22,48,49,65,78,84,90,92,99
U58,6,9,13,15,18,32,40,60,74,79,80,81,85,98
U59,0,8,24,27,29,34,39,50,57,59,66,73,77,79,89,91,94,95
U60,2,19,35,48,52
U61,1,2,6,9,13,18,37,42,44,55,58,63,70,72,77,85
U62,5,12,35,66
U63,11,15,16,17,26,39,50,59,61,73,75,88
U64,12,18,19,30,46,55,58,70,72,79,81,86,89,97,98
U65,9,17,23,28,47,49
U66,22,24,52
U67,1,3,5,7,9,12,19,29,30,40,55,57,61,81,83,89
U68,2,11,21,23,24,34,36,43,48,62,67,68,80,88,92,99
U69,7,16,17,41,50,52,67,84,85,91
U70,37,53,55,57,68,70,73,75,84,89,90,91,93,94
U71,6,11,14,23,34,50,54,57,67,72,74,82
U72,2,6,16,19,20,22,23,26,36,39,44,46,58,65,97
U73,65,93
U74,0,3,10,27,30,31,37,42,45,59,69,71,77,89,94,98
U75,8,27,49,51,65,69,71,81,88
U76,57,90
U77,21,28,43,44,46,48,50,53,55,56,65,74,82,90
U78,3,7,10,14,22,25,38,41,43,47,62,69,71,76,80,85,94,97,98
U79,0,10,14,22,32,34,42,45,48,51,58,66,69,81,82,85,92,98
U80,8,9,11,17,25,26,36,38,45,46,50,56,61,66,85,97,98
U81,12,13,35,38,46,58,80,92
U82,0,8,12,32,33,34,36,43,47,65,68,73,74,76,77,79,80,82,86,95
U83,1,33,53,54,73,76,77,79,84,94
U84,23,31,33,36,60,69
U85,11,15,22,44,56,64
U86,3,13,19,22,34,89,99
U87,82
U88,1,8,12,40,46,51,56,59,72,80,92,97
U89,0,7,11,15,18,19,27,50,60,68,75,87,91
U90,27,32,39,41,42,47,51,56,61,63,70,75,98
U91,25,66
U92,6,21,57,60,83
U93,14,18,19,29,31,34,36,38,48,53,63,65,74,78,80,82,93,98
U94,2,10,11,13,15,21,22,40,60,68,70,71,72,73,77,81,98
U95,27,66,82,88,92
U96,14,35,69,77,81
U97,3,13,19,22,38,53,54,72,73,75,94
U98,61,90
U99,11,88
U100,2,3,11,13,18,20,38,39,60,84,98